{"nbformat":4,"nbformat_minor":0,"metadata":{"colab":{"provenance":[],"authorship_tag":"ABX9TyNqvpEiQ93szLjF8F3IZ3aX"},"kernelspec":{"name":"python3","display_name":"Python 3"},"language_info":{"name":"python"}},"cells":[{"cell_type":"code","execution_count":58,"metadata":{"id":"Izarx6DtkC9W","executionInfo":{"status":"ok","timestamp":1755734276826,"user_tz":420,"elapsed":12,"user":{"displayName":"Alexander Dsouza","userId":"16549860175879144767"}}},"outputs":[],"source":["# Core libraries\n","import numpy as np\n","import pandas as pd\n","import random\n","from sklearn.model_selection import train_test_split\n","from scipy.linalg import eigh\n","\n"]},{"cell_type":"code","source":["# ===========================\n","# Load and preprocess dataset\n","# ===========================\n","\n","from google.colab import drive\n","drive.mount('/content/drive')\n","\n","file_path = '/content/drive/Shared drives/GNN/RestingStateDataforAlex_3Networks.xlsx'\n","df = pd.read_excel(file_path)\n","\n","\n","print(df)"],"metadata":{"colab":{"base_uri":"https://localhost:8080/"},"id":"mthRhL8aki95","executionInfo":{"status":"ok","timestamp":1755734283858,"user_tz":420,"elapsed":5535,"user":{"displayName":"Alexander Dsouza","userId":"16549860175879144767"}},"outputId":"04f1fe95-6e69-40d7-c787-0150962f91e9","collapsed":true},"execution_count":59,"outputs":[{"output_type":"stream","name":"stdout","text":["Drive already mounted at /content/drive; to attempt to forcibly remount, call drive.mount(\"/content/drive\", force_remount=True).\n","        SID  ABS_Attention_LDLPFC-Attention_RDLPFC  \\\n","0    epp270                               0.588318   \n","1    epp271                               0.681967   \n","2    epp278                               0.357294   \n","3    epp309                               0.648362   \n","4    epp314                               0.041228   \n","..      ...                                    ...   \n","210  epc260                               0.486754   \n","211  epc261                               0.462012   \n","212  epc262                               0.174866   \n","213  epc263                               0.755232   \n","214  epc265                               0.176893   \n","\n","     ABS_Attention_LDLPFC-Attention_LIPL  ABS_Attention_RDLPFC-Attention_LIPL  \\\n","0                               0.173388                             0.072191   \n","1                               0.933840                             0.403052   \n","2                               0.175111                             0.024300   \n","3                               0.628166                             0.799465   \n","4                               0.324857                             0.329995   \n","..                                   ...                                  ...   \n","210                             0.289613                             0.178510   \n","211                             0.731005                             0.011886   \n","212                             0.324778                             0.546995   \n","213                             0.516920                             0.482046   \n","214                             0.343022                             0.054250   \n","\n","     ABS_Attention_LDLPFC-Attention_RIPL  ABS_Attention_RDLPFC-Attention_RIPL  \\\n","0                               0.233879                             0.208539   \n","1                               0.395128                             0.124395   \n","2                               0.088633                             0.321688   \n","3                               0.245596                             0.924226   \n","4                               0.088605                             0.511013   \n","..                                   ...                                  ...   \n","210                             0.196521                             0.165869   \n","211                             0.507353                             0.045296   \n","212                             0.084984                             0.685851   \n","213                             0.344507                             0.526020   \n","214                             0.514692                             0.419065   \n","\n","     ABS_Attention_LIPL-Attention_RIPL  ABS_Attention_LDLPFC-Attention_mSPFC  \\\n","0                             0.512861                              0.330252   \n","1                             0.677082                              0.336374   \n","2                             0.399194                              0.195609   \n","3                             0.878907                              0.303230   \n","4                             0.213077                              0.326839   \n","..                                 ...                                   ...   \n","210                           0.672276                              0.526520   \n","211                           1.027993                              0.586777   \n","212                           0.716826                              0.146718   \n","213                           0.558502                              0.489214   \n","214                           0.345886                              0.620856   \n","\n","     ABS_Attention_RDLPFC-Attention_mSPFC  ABS_Attention_LIPL-Attention_mSPFC  \\\n","0                                0.298287                            0.314105   \n","1                                0.348321                            0.366359   \n","2                                0.203618                            0.420814   \n","3                                0.142022                            0.231671   \n","4                                0.158746                            0.005228   \n","..                                    ...                                 ...   \n","210                              0.311176                            0.281277   \n","211                              0.061610                            0.497869   \n","212                              0.424794                            0.578505   \n","213                              0.377610                            0.229581   \n","214                              0.399295                            0.093574   \n","\n","     ...  Attention_mSPFC-Salience_RAmygdala  \\\n","0    ...                           -0.300126   \n","1    ...                           -0.359796   \n","2    ...                           -0.362245   \n","3    ...                           -0.009107   \n","4    ...                            0.076510   \n","..   ...                                 ...   \n","210  ...                            0.136846   \n","211  ...                            0.181012   \n","212  ...                            0.088509   \n","213  ...                            0.062978   \n","214  ...                           -0.153326   \n","\n","     Attention_LPrecuneus-Salience_RAmygdala  \\\n","0                                  -0.306743   \n","1                                   0.107802   \n","2                                   0.018894   \n","3                                  -0.029985   \n","4                                  -0.158503   \n","..                                       ...   \n","210                                -0.367696   \n","211                                 0.127041   \n","212                                -0.055110   \n","213                                -0.054978   \n","214                                -0.163202   \n","\n","     Attention_RPrecuneus-Salience_RAmygdala  \\\n","0                                   0.031158   \n","1                                  -0.085158   \n","2                                   0.022900   \n","3                                   0.002326   \n","4                                   0.378883   \n","..                                       ...   \n","210                                -0.364872   \n","211                                 0.082920   \n","212                                -0.044382   \n","213                                 0.120706   \n","214                                 0.149557   \n","\n","     DMN_LAngularGyrus-Salience_RAmygdala  \\\n","0                                0.191215   \n","1                               -0.356427   \n","2                               -0.247413   \n","3                                0.262845   \n","4                               -0.139047   \n","..                                    ...   \n","210                             -0.140762   \n","211                             -0.147582   \n","212                             -0.079697   \n","213                              0.075872   \n","214                             -0.091903   \n","\n","     DMN_RAngularGyrus-Salience_RAmygdala  DMN_PCC-Salience_RAmygdala  \\\n","0                                0.131172                    0.270266   \n","1                                0.261230                   -0.648716   \n","2                                0.005033                   -0.214653   \n","3                                0.245086                    0.173849   \n","4                                0.044888                    0.171644   \n","..                                    ...                         ...   \n","210                              0.046888                    0.169355   \n","211                              0.302618                   -0.133036   \n","212                             -0.067991                   -0.031929   \n","213                              0.420001                   -0.187335   \n","214                             -0.258924                    0.463052   \n","\n","     DMN_MPFC-Salience_RAmygdala  Salience_LInsula-Salience_RAmygdala  \\\n","0                       0.113005                             0.009513   \n","1                      -0.256717                             0.277483   \n","2                       0.238092                             0.226580   \n","3                       0.156621                             0.034030   \n","4                       0.021829                             0.148140   \n","..                           ...                                  ...   \n","210                     0.250348                            -0.010164   \n","211                    -0.058989                             0.130620   \n","212                     0.292080                             0.209694   \n","213                    -0.114743                             0.165908   \n","214                     0.402444                             0.071218   \n","\n","     Salience_RInsula-Salience_RAmygdala  \\\n","0                              -0.253329   \n","1                               0.201754   \n","2                              -0.011313   \n","3                              -0.040888   \n","4                               0.316570   \n","..                                   ...   \n","210                            -0.020080   \n","211                             0.279909   \n","212                             0.201497   \n","213                             0.178678   \n","214                             0.177606   \n","\n","     Salience_LAmygdala-Salience_RAmygdala  \n","0                                 0.830729  \n","1                                 0.785941  \n","2                                 0.532176  \n","3                                 0.662413  \n","4                                 0.902351  \n","..                                     ...  \n","210                               0.872537  \n","211                               0.708852  \n","212                               1.029902  \n","213                               0.828676  \n","214                               0.901011  \n","\n","[215 rows x 211 columns]\n"]}]},{"cell_type":"code","source":["#creating graphs\n","\n","\n","# Drop SID column and get all edge columns\n","edge_columns = df.columns.drop('SID')\n","\n","# Extract all unique node names (stripped of 'ABS_' if present)\n","nodes_set = set()\n","for col in edge_columns:\n","    raw_node1, raw_node2 = col.split('-')\n","    node1 = raw_node1.replace('ABS_', '')\n","    node2 = raw_node2.replace('ABS_', '')\n","    nodes_set.add(node1)\n","    nodes_set.add(node2)\n","\n","# Sort nodes for consistent ordering\n","nodes = sorted(list(nodes_set))\n","n_nodes = len(nodes)\n","\n","# Map node name to index\n","node_to_idx = {node: i for i, node in enumerate(nodes)}\n","\n","# Separate edges into ABS and non-ABS edges\n","abs_edge_cols = []\n","rel_edge_cols = []\n","abs_edge_to_idx = []\n","rel_edge_to_idx = []\n","\n","for col in edge_columns:\n","    raw_node1, raw_node2 = col.split('-')\n","    node1 = raw_node1.replace('ABS_', '')\n","    node2 = raw_node2.replace('ABS_', '')\n","    idx1, idx2 = node_to_idx[node1], node_to_idx[node2]\n","\n","    if 'ABS_' in col:\n","        abs_edge_cols.append(col)\n","        abs_edge_to_idx.append((idx1, idx2))\n","    else:\n","        rel_edge_cols.append(col)\n","        rel_edge_to_idx.append((idx1, idx2))\n","\n","# Build adjacency matrices for each row\n","abs_adj_matrices = []\n","rel_adj_matrices = []\n","\n","for _, row in df.iterrows():\n","    # Create zero matrices for ABS and relative graphs\n","    abs_adj = np.zeros((n_nodes, n_nodes))\n","    rel_adj = np.zeros((n_nodes, n_nodes))\n","\n","    # Fill ABS adjacency matrix\n","    for col_idx, (i1, i2) in enumerate(abs_edge_to_idx):\n","        val = row[abs_edge_cols[col_idx]]\n","        abs_adj[i1, i2] = val\n","        abs_adj[i2, i1] = val  # symmetric\n","\n","    # Fill relative adjacency matrix\n","    for col_idx, (i1, i2) in enumerate(rel_edge_to_idx):\n","        val = row[rel_edge_cols[col_idx]]\n","        rel_adj[i1, i2] = val\n","        rel_adj[i2, i1] = val  # symmetric\n","\n","    abs_adj_matrices.append(abs_adj)\n","    rel_adj_matrices.append(rel_adj)\n"],"metadata":{"id":"C2g4Wv7dlf6P","collapsed":true},"execution_count":null,"outputs":[]},{"cell_type":"code","source":["#making a dictionary of sid to absolute graph and relative graph\n","\n","graphs_by_sid = {}\n","\n","for sid, abs_mat, rel_mat in zip(df['SID'], abs_adj_matrices, rel_adj_matrices):\n","    graphs_by_sid[sid] = {\n","        'abs': abs_mat,\n","        'rel': rel_mat\n","    }\n","\n","print(graphs_by_sid['epp348']['rel'])  # Relative graph\n","print(graphs_by_sid['epp348']['rel'].shape)"],"metadata":{"colab":{"base_uri":"https://localhost:8080/"},"collapsed":true,"id":"hmwfRKlGnXtb","executionInfo":{"status":"ok","timestamp":1755205570249,"user_tz":420,"elapsed":62,"user":{"displayName":"Alexander Dsouza","userId":"16549860175879144767"}},"outputId":"da34b763-e1a9-47cc-de78-b90ac555c62c"},"execution_count":null,"outputs":[{"output_type":"stream","name":"stdout","text":["[[ 0.          0.6443512   0.60952988  0.48149378  0.21855582  0.02744795\n","   0.19705619 -0.14626492 -0.20716272 -0.01932991 -0.15652164 -0.28049982\n","  -0.17138803 -0.17873779 -0.05382542]\n"," [ 0.6443512   0.          0.53500292  0.64447851  0.71385829  0.0261051\n","   0.44132225 -0.55944315 -0.61724242 -0.10934934 -0.25394405 -0.15493399\n","  -0.18232735 -0.12858349 -0.11987415]\n"," [ 0.60952988  0.53500292  0.          0.50661799  0.37571928  0.42134627\n","   0.04587733 -0.12207047 -0.50220895 -0.05944264  0.08870163  0.1442684\n","  -0.41469532  0.02158323 -0.22569421]\n"," [ 0.48149378  0.64447851  0.50661799  0.          1.09910671  0.18484547\n","   0.21678365 -0.36616225 -0.53407179 -0.16535064 -0.03218564  0.05986651\n","  -0.11841703 -0.09234453 -0.26826495]\n"," [ 0.21855582  0.71385829  0.37571928  1.09910671  0.          0.10228209\n","   0.24679883 -0.45983477 -0.57815033 -0.17797306  0.07242114  0.08410655\n","  -0.13201032 -0.1261167  -0.20566083]\n"," [ 0.02744795  0.0261051   0.42134627  0.18484547  0.10228209  0.\n","   0.0339953   0.16103661 -0.08961375  0.00490449 -0.14571103  0.13506121\n","  -0.29536023 -0.02704213 -0.03382296]\n"," [ 0.19705619  0.44132225  0.04587733  0.21678365  0.24679883  0.0339953\n","   0.         -0.31003637 -0.27734272 -0.15151692 -0.30458906 -0.12015914\n","   0.06635736 -0.12294522  0.20034957]\n"," [-0.14626492 -0.55944315 -0.12207047 -0.36616225 -0.45983477  0.16103661\n","  -0.31003637  0.          0.67129803  0.6421734   0.37562136  0.11106249\n","  -0.26767842  0.11614562 -0.13333569]\n"," [-0.20716272 -0.61724242 -0.50220895 -0.53407179 -0.57815033 -0.08961375\n","  -0.27734272  0.67129803  0.          0.51279559  0.11535814 -0.03756992\n","   0.20547963  0.0098681   0.20656848]\n"," [-0.01932991 -0.10934934 -0.05944264 -0.16535064 -0.17797306  0.00490449\n","  -0.15151692  0.6421734   0.51279559  0.          0.20467727 -0.17641335\n","  -0.11057092 -0.15926215  0.05488226]\n"," [-0.15652164 -0.25394405  0.08870163 -0.03218564  0.07242114 -0.14571103\n","  -0.30458906  0.37562136  0.11535814  0.20467727  0.          0.46591988\n","   0.0526923   0.38955475 -0.27183095]\n"," [-0.28049982 -0.15493399  0.1442684   0.05986651  0.08410655  0.13506121\n","  -0.12015914  0.11106249 -0.03756992 -0.17641335  0.46591988  0.\n","   0.1135386   0.98479028 -0.12751266]\n"," [-0.17138803 -0.18232735 -0.41469532 -0.11841703 -0.13201032 -0.29536023\n","   0.06635736 -0.26767842  0.20547963 -0.11057092  0.0526923   0.1135386\n","   0.          0.2404665   0.54649198]\n"," [-0.17873779 -0.12858349  0.02158323 -0.09234453 -0.1261167  -0.02704213\n","  -0.12294522  0.11614562  0.0098681  -0.15926215  0.38955475  0.98479028\n","   0.2404665   0.         -0.16815678]\n"," [-0.05382542 -0.11987415 -0.22569421 -0.26826495 -0.20566083 -0.03382296\n","   0.20034957 -0.13333569  0.20656848  0.05488226 -0.27183095 -0.12751266\n","   0.54649198 -0.16815678  0.        ]]\n","(15, 15)\n"]}]},{"cell_type":"code","source":["#threshholding the connectivity graph\n","\n","def threshold_graph(A, keep_fraction=0.4):\n","    triu_indices = np.triu_indices_from(A, k=1)                     #get upper triangle indices above the diagonal\n","    edge_values = A[triu_indices]                                   #get all edge values of upper triangle values\n","    threshold = np.percentile(edge_values, 100*(1-keep_fraction))   #60% weakest means keep top 40%\n","    mask = A >= threshold\n","    A_thresh = A * mask\n","    A_thresh = np.maximum(A_thresh, A_thresh.T)                     #ensure symmetry\n","    return A_thresh\n","\n","#print(graphs_by_sid['epp348']['abs'])\n","\n","for sid, graphs in graphs_by_sid.items():\n","    graphs_by_sid[sid]['abs'] = threshold_graph(graphs['abs'], keep_fraction=0.3)\n","    graphs_by_sid[sid]['rel'] = threshold_graph(graphs['rel'], keep_fraction=0.3)\n","\n","#print(graphs_by_sid['epp348']['abs'])\n","\n","\n"],"metadata":{"id":"p5PW5811t6x2","colab":{"base_uri":"https://localhost:8080/","height":216},"executionInfo":{"status":"error","timestamp":1755727107800,"user_tz":420,"elapsed":11,"user":{"displayName":"Alexander Dsouza","userId":"16549860175879144767"}},"outputId":"e1a57141-7ab6-4d51-8469-cc577f8d3336"},"execution_count":null,"outputs":[{"output_type":"error","ename":"NameError","evalue":"name 'graphs_by_sid' is not defined","traceback":["\u001b[0;31m---------------------------------------------------------------------------\u001b[0m","\u001b[0;31mNameError\u001b[0m                                 Traceback (most recent call last)","\u001b[0;32m/tmp/ipython-input-3642695873.py\u001b[0m in \u001b[0;36m<cell line: 0>\u001b[0;34m()\u001b[0m\n\u001b[1;32m     12\u001b[0m \u001b[0;31m#print(graphs_by_sid['epp348']['abs'])\u001b[0m\u001b[0;34m\u001b[0m\u001b[0;34m\u001b[0m\u001b[0m\n\u001b[1;32m     13\u001b[0m \u001b[0;34m\u001b[0m\u001b[0m\n\u001b[0;32m---> 14\u001b[0;31m \u001b[0;32mfor\u001b[0m \u001b[0msid\u001b[0m\u001b[0;34m,\u001b[0m \u001b[0mgraphs\u001b[0m \u001b[0;32min\u001b[0m \u001b[0mgraphs_by_sid\u001b[0m\u001b[0;34m.\u001b[0m\u001b[0mitems\u001b[0m\u001b[0;34m(\u001b[0m\u001b[0;34m)\u001b[0m\u001b[0;34m:\u001b[0m\u001b[0;34m\u001b[0m\u001b[0;34m\u001b[0m\u001b[0m\n\u001b[0m\u001b[1;32m     15\u001b[0m     \u001b[0mgraphs_by_sid\u001b[0m\u001b[0;34m[\u001b[0m\u001b[0msid\u001b[0m\u001b[0;34m]\u001b[0m\u001b[0;34m[\u001b[0m\u001b[0;34m'abs'\u001b[0m\u001b[0;34m]\u001b[0m \u001b[0;34m=\u001b[0m \u001b[0mthreshold_graph\u001b[0m\u001b[0;34m(\u001b[0m\u001b[0mgraphs\u001b[0m\u001b[0;34m[\u001b[0m\u001b[0;34m'abs'\u001b[0m\u001b[0;34m]\u001b[0m\u001b[0;34m,\u001b[0m \u001b[0mkeep_fraction\u001b[0m\u001b[0;34m=\u001b[0m\u001b[0;36m0.3\u001b[0m\u001b[0;34m)\u001b[0m\u001b[0;34m\u001b[0m\u001b[0;34m\u001b[0m\u001b[0m\n\u001b[1;32m     16\u001b[0m     \u001b[0mgraphs_by_sid\u001b[0m\u001b[0;34m[\u001b[0m\u001b[0msid\u001b[0m\u001b[0;34m]\u001b[0m\u001b[0;34m[\u001b[0m\u001b[0;34m'rel'\u001b[0m\u001b[0;34m]\u001b[0m \u001b[0;34m=\u001b[0m \u001b[0mthreshold_graph\u001b[0m\u001b[0;34m(\u001b[0m\u001b[0mgraphs\u001b[0m\u001b[0;34m[\u001b[0m\u001b[0;34m'rel'\u001b[0m\u001b[0;34m]\u001b[0m\u001b[0;34m,\u001b[0m \u001b[0mkeep_fraction\u001b[0m\u001b[0;34m=\u001b[0m\u001b[0;36m0.3\u001b[0m\u001b[0;34m)\u001b[0m\u001b[0;34m\u001b[0m\u001b[0;34m\u001b[0m\u001b[0m\n","\u001b[0;31mNameError\u001b[0m: name 'graphs_by_sid' is not defined"]}]},{"cell_type":"code","source":["#adding to dictionary demographic data and labels.\n","\n","\n","demo_cols = ['Age', 'handedness', 'sex', 'PrimaryEthnicity', 'PrimaryRace','Education','Parental Education']\n","outcome = ['Imp20PercentBPRS']\n","df_labels = pd.read_excel(file_path, sheet_name='outcomeanddemographics', skiprows=1)\n","\n","print(df_labels.head())\n","print(df_labels.columns.tolist())\n","\n","demo_dict = df_labels.set_index('SID')[demo_cols].to_dict(orient='index')\n","\n","graphs_by_sid = {}\n","\n","for sid, abs_mat, rel_mat in zip(df['SID'], abs_adj_matrices, rel_adj_matrices):\n","    demos = demo_dict.get(sid, None)\n","    graphs_by_sid[sid] = {\n","        'abs': abs_mat,\n","        'rel': rel_mat,\n","        'demo': demos,\n","        'outcome': df_labels.loc[df_labels['SID'] == sid, outcome].values[0][0] if sid in df_labels['SID'].values else None\n","    }\n","\n","#print(graphs_by_sid['epp270'])  # Relative graph\n","\n","graphs_by_sid = {\n","    sid: graph\n","    for sid, graph in graphs_by_sid.items()\n","    if graph.get('outcome') is not None\n","}\n","\n","print(len(graphs_by_sid))\n","print(graphs_by_sid['epp270']['abs'])\n","print(graphs_by_sid['epp270'])\n","\n","outcome_count = sum(1 for graph in graphs_by_sid.values() if graph.get('outcome') == 1)\n","outcome_count_zero = sum(1 for graph in graphs_by_sid.values() if graph.get('outcome') == 0)\n","print(f\"Number of instances with outcome == 1: {outcome_count}\")\n","print(f\"Number of instances with outcome == 0: {outcome_count_zero}\")\n","\n","\n","#Number of instances with outcome == 1: 29\n","#Number of instances with outcome == 0: 27"],"metadata":{"colab":{"base_uri":"https://localhost:8080/"},"id":"yGga2pTsnaWA","executionInfo":{"status":"ok","timestamp":1755205570807,"user_tz":420,"elapsed":521,"user":{"displayName":"Alexander Dsouza","userId":"16549860175879144767"}},"outputId":"f6ae9535-6256-4b9e-8741-806813024c48","collapsed":true},"execution_count":null,"outputs":[{"output_type":"stream","name":"stdout","text":["      SID  Imp20PercentBPRS  Age  handedness  sex  PrimaryEthnicity  \\\n","0  epp270                 1   13           1    1                 0   \n","1  epp271                 1   25           1    1                 1   \n","2  epp274                 1   19           1    1                 0   \n","3  epp278                 0   20           1    1                 0   \n","4  epp309                 0   22           1    1                 0   \n","\n","   PrimaryRace  Unnamed: 7  Education  Parental Education  \n","0            4          18          7                19.0  \n","1            4          29         12                15.0  \n","2            4          23         12                16.0  \n","3            4          20         13                16.5  \n","4            4          15         14                12.0  \n","['SID', 'Imp20PercentBPRS', 'Age', 'handedness', 'sex', 'PrimaryEthnicity', 'PrimaryRace', 'Unnamed: 7', 'Education', 'Parental Education']\n","56\n","[[0.         0.17338755 0.12403889 0.58831806 0.23387851 0.04568071\n","  0.33025175 0.0296529  0.10872398 0.07329236 0.10732256 0.17219024\n","  0.09179144 0.09451418 0.21203314]\n"," [0.17338755 0.         0.63607592 0.0721911  0.51286114 0.39463516\n","  0.31410516 0.23677453 0.12476689 0.01937445 0.13113582 0.09955679\n","  0.28756996 0.09870434 0.02389843]\n"," [0.12403889 0.63607592 0.         0.09948099 0.31710779 0.58452413\n","  0.06856401 0.12770892 0.27110495 0.27026323 0.14050177 0.39097136\n","  0.15021865 0.30674262 0.06529333]\n"," [0.58831806 0.0721911  0.09948099 0.         0.20853883 0.24963951\n","  0.29828674 0.48810218 0.10053241 0.21720226 0.20801852 0.19070761\n","  0.12809837 0.17672336 0.50478525]\n"," [0.23387851 0.51286114 0.31710779 0.20853883 0.         0.00130209\n","  0.26577205 0.26334115 0.14032486 0.23866158 0.16743091 0.34795873\n","  0.23701888 0.11188243 0.04141316]\n"," [0.04568071 0.39463516 0.58452413 0.24963951 0.00130209 0.\n","  0.00597454 0.08512837 0.35144027 0.32152661 0.27190813 0.048595\n","  0.01981576 0.03115809 0.27615433]\n"," [0.33025175 0.31410516 0.06856401 0.29828674 0.26577205 0.00597454\n","  0.         0.02672582 0.23596883 0.07442844 0.26293281 0.24194428\n","  0.33678252 0.30012641 0.13759314]\n"," [0.0296529  0.23677453 0.12770892 0.48810218 0.26334115 0.08512837\n","  0.02672582 0.         0.67013567 0.73429166 0.926853   0.17169178\n","  0.36406677 0.19121499 0.74381622]\n"," [0.10872398 0.12476689 0.27110495 0.10053241 0.14032486 0.35144027\n","  0.23596883 0.67013567 0.         0.76566125 0.76102201 0.22726389\n","  0.23260459 0.1130046  0.51504866]\n"," [0.07329236 0.01937445 0.27026323 0.21720226 0.23866158 0.32152661\n","  0.07442844 0.73429166 0.76566125 0.         0.66895289 0.15973777\n","  0.44840262 0.27026612 0.59321608]\n"," [0.10732256 0.13113582 0.14050177 0.20801852 0.16743091 0.27190813\n","  0.26293281 0.926853   0.76102201 0.66895289 0.         0.04765426\n","  0.15972329 0.13117221 0.3613075 ]\n"," [0.17219024 0.09955679 0.39097136 0.19070761 0.34795873 0.048595\n","  0.24194428 0.17169178 0.22726389 0.15973777 0.04765426 0.\n","  0.24789284 0.830729   0.15755834]\n"," [0.09179144 0.28756996 0.15021865 0.12809837 0.23701888 0.01981576\n","  0.33678252 0.36406677 0.23260459 0.44840262 0.15972329 0.24789284\n","  0.         0.00951284 0.4519716 ]\n"," [0.09451418 0.09870434 0.30674262 0.17672336 0.11188243 0.03115809\n","  0.30012641 0.19121499 0.1130046  0.27026612 0.13117221 0.830729\n","  0.00951284 0.         0.25332859]\n"," [0.21203314 0.02389843 0.06529333 0.50478525 0.04141316 0.27615433\n","  0.13759314 0.74381622 0.51504866 0.59321608 0.3613075  0.15755834\n","  0.4519716  0.25332859 0.        ]]\n","{'abs': array([[0.        , 0.17338755, 0.12403889, 0.58831806, 0.23387851,\n","        0.04568071, 0.33025175, 0.0296529 , 0.10872398, 0.07329236,\n","        0.10732256, 0.17219024, 0.09179144, 0.09451418, 0.21203314],\n","       [0.17338755, 0.        , 0.63607592, 0.0721911 , 0.51286114,\n","        0.39463516, 0.31410516, 0.23677453, 0.12476689, 0.01937445,\n","        0.13113582, 0.09955679, 0.28756996, 0.09870434, 0.02389843],\n","       [0.12403889, 0.63607592, 0.        , 0.09948099, 0.31710779,\n","        0.58452413, 0.06856401, 0.12770892, 0.27110495, 0.27026323,\n","        0.14050177, 0.39097136, 0.15021865, 0.30674262, 0.06529333],\n","       [0.58831806, 0.0721911 , 0.09948099, 0.        , 0.20853883,\n","        0.24963951, 0.29828674, 0.48810218, 0.10053241, 0.21720226,\n","        0.20801852, 0.19070761, 0.12809837, 0.17672336, 0.50478525],\n","       [0.23387851, 0.51286114, 0.31710779, 0.20853883, 0.        ,\n","        0.00130209, 0.26577205, 0.26334115, 0.14032486, 0.23866158,\n","        0.16743091, 0.34795873, 0.23701888, 0.11188243, 0.04141316],\n","       [0.04568071, 0.39463516, 0.58452413, 0.24963951, 0.00130209,\n","        0.        , 0.00597454, 0.08512837, 0.35144027, 0.32152661,\n","        0.27190813, 0.048595  , 0.01981576, 0.03115809, 0.27615433],\n","       [0.33025175, 0.31410516, 0.06856401, 0.29828674, 0.26577205,\n","        0.00597454, 0.        , 0.02672582, 0.23596883, 0.07442844,\n","        0.26293281, 0.24194428, 0.33678252, 0.30012641, 0.13759314],\n","       [0.0296529 , 0.23677453, 0.12770892, 0.48810218, 0.26334115,\n","        0.08512837, 0.02672582, 0.        , 0.67013567, 0.73429166,\n","        0.926853  , 0.17169178, 0.36406677, 0.19121499, 0.74381622],\n","       [0.10872398, 0.12476689, 0.27110495, 0.10053241, 0.14032486,\n","        0.35144027, 0.23596883, 0.67013567, 0.        , 0.76566125,\n","        0.76102201, 0.22726389, 0.23260459, 0.1130046 , 0.51504866],\n","       [0.07329236, 0.01937445, 0.27026323, 0.21720226, 0.23866158,\n","        0.32152661, 0.07442844, 0.73429166, 0.76566125, 0.        ,\n","        0.66895289, 0.15973777, 0.44840262, 0.27026612, 0.59321608],\n","       [0.10732256, 0.13113582, 0.14050177, 0.20801852, 0.16743091,\n","        0.27190813, 0.26293281, 0.926853  , 0.76102201, 0.66895289,\n","        0.        , 0.04765426, 0.15972329, 0.13117221, 0.3613075 ],\n","       [0.17219024, 0.09955679, 0.39097136, 0.19070761, 0.34795873,\n","        0.048595  , 0.24194428, 0.17169178, 0.22726389, 0.15973777,\n","        0.04765426, 0.        , 0.24789284, 0.830729  , 0.15755834],\n","       [0.09179144, 0.28756996, 0.15021865, 0.12809837, 0.23701888,\n","        0.01981576, 0.33678252, 0.36406677, 0.23260459, 0.44840262,\n","        0.15972329, 0.24789284, 0.        , 0.00951284, 0.4519716 ],\n","       [0.09451418, 0.09870434, 0.30674262, 0.17672336, 0.11188243,\n","        0.03115809, 0.30012641, 0.19121499, 0.1130046 , 0.27026612,\n","        0.13117221, 0.830729  , 0.00951284, 0.        , 0.25332859],\n","       [0.21203314, 0.02389843, 0.06529333, 0.50478525, 0.04141316,\n","        0.27615433, 0.13759314, 0.74381622, 0.51504866, 0.59321608,\n","        0.3613075 , 0.15755834, 0.4519716 , 0.25332859, 0.        ]]), 'rel': array([[ 0.        ,  0.17338755,  0.12403889,  0.58831806, -0.23387851,\n","         0.04568071,  0.33025175, -0.0296529 ,  0.10872398, -0.07329236,\n","         0.10732256, -0.17219024, -0.09179144, -0.09451418,  0.21203314],\n","       [ 0.17338755,  0.        ,  0.63607592,  0.0721911 ,  0.51286114,\n","         0.39463516, -0.31410515,  0.23677453, -0.12476689,  0.01937445,\n","         0.13113582, -0.09955679, -0.28756996,  0.09870434, -0.02389843],\n","       [ 0.12403889,  0.63607592,  0.        ,  0.09948099,  0.31710779,\n","         0.58452413, -0.06856401,  0.12770892, -0.27110495, -0.27026323,\n","        -0.14050177, -0.39097136, -0.15021865, -0.30674262, -0.06529333],\n","       [ 0.58831806,  0.0721911 ,  0.09948099,  0.        , -0.20853883,\n","         0.24963951,  0.29828674, -0.48810218, -0.10053241, -0.21720226,\n","        -0.20801852, -0.19070761,  0.12809837, -0.17672336,  0.50478525],\n","       [-0.23387851,  0.51286114,  0.31710779, -0.20853883,  0.        ,\n","         0.00130209, -0.26577205,  0.26334115, -0.14032486,  0.23866158,\n","         0.16743091, -0.34795873, -0.23701888, -0.11188243, -0.04141316],\n","       [ 0.04568071,  0.39463516,  0.58452413,  0.24963951,  0.00130209,\n","         0.        , -0.00597454, -0.08512837, -0.35144027, -0.32152661,\n","        -0.27190813, -0.048595  , -0.01981576,  0.03115809,  0.27615433],\n","       [ 0.33025175, -0.31410515, -0.06856401,  0.29828674, -0.26577205,\n","        -0.00597454,  0.        ,  0.02672582,  0.23596883, -0.07442844,\n","         0.26293281, -0.24194428,  0.33678252, -0.30012641,  0.13759314],\n","       [-0.0296529 ,  0.23677453,  0.12770892, -0.48810218,  0.26334115,\n","        -0.08512837,  0.02672582,  0.        ,  0.67013567,  0.73429166,\n","         0.926853  ,  0.17169178, -0.36406677,  0.19121499, -0.74381622],\n","       [ 0.10872398, -0.12476689, -0.27110495, -0.10053241, -0.14032486,\n","        -0.35144027,  0.23596883,  0.67013567,  0.        ,  0.76566125,\n","         0.76102201,  0.22726389, -0.23260459,  0.1130046 , -0.51504866],\n","       [-0.07329236,  0.01937445, -0.27026323, -0.21720226,  0.23866158,\n","        -0.32152661, -0.07442844,  0.73429166,  0.76566125,  0.        ,\n","         0.66895289,  0.15973777, -0.44840262,  0.27026612, -0.59321608],\n","       [ 0.10732256,  0.13113582, -0.14050177, -0.20801852,  0.16743091,\n","        -0.27190813,  0.26293281,  0.926853  ,  0.76102201,  0.66895289,\n","         0.        ,  0.04765426, -0.15972329,  0.13117221, -0.3613075 ],\n","       [-0.17219024, -0.09955679, -0.39097136, -0.19070761, -0.34795873,\n","        -0.048595  , -0.24194428,  0.17169178,  0.22726389,  0.15973777,\n","         0.04765426,  0.        ,  0.24789284,  0.830729  , -0.15755834],\n","       [-0.09179144, -0.28756996, -0.15021865,  0.12809837, -0.23701888,\n","        -0.01981576,  0.33678252, -0.36406677, -0.23260459, -0.44840262,\n","        -0.15972329,  0.24789284,  0.        ,  0.00951284,  0.4519716 ],\n","       [-0.09451418,  0.09870434, -0.30674262, -0.17672336, -0.11188243,\n","         0.03115809, -0.30012641,  0.19121499,  0.1130046 ,  0.27026612,\n","         0.13117221,  0.830729  ,  0.00951284,  0.        , -0.25332859],\n","       [ 0.21203314, -0.02389843, -0.06529333,  0.50478525, -0.04141316,\n","         0.27615433,  0.13759314, -0.74381622, -0.51504866, -0.59321608,\n","        -0.3613075 , -0.15755834,  0.4519716 , -0.25332859,  0.        ]]), 'demo': {'Age': 13, 'handedness': 1, 'sex': 1, 'PrimaryEthnicity': 0, 'PrimaryRace': 4, 'Education': 7, 'Parental Education': 19.0}, 'outcome': np.int64(1)}\n","Number of instances with outcome == 1: 29\n","Number of instances with outcome == 0: 27\n"]}]},{"cell_type":"code","source":["# demographics using extended datasheet\n","######dont use this\n","demo_path = '/content/drive/Shared drives/GNN/DemographicData.xlsx'\n","\n","# Load the Excel file\n","df_demo = pd.read_excel(demo_path)\n","\n","# Ensure 'SID' is treated properly (first column)\n","df_demo['SID'] = df_demo.iloc[:, 0]  # force first column as SID if not named\n","\n","#demographic columns\n","demo_cols = ['Sex', 'Age', 'BPRS_Baseline', 'Handedness', 'Race',\n","             'Crime', 'Education_Level', 'Education_Loss_Parent']\n","\n","# Build a dictionary: {SID: {col1: val1, col2: val2, ...}}\n","demo_dict = df_demo.set_index('SID')[demo_cols].to_dict(orient='index')\n","\n","print(list(demo_dict.items())[:1])\n","print(len(demo_dict))\n","\n","# Rebuild graphs_by_sid with new demo and outcome\n","\n","graphs_by_sid = {}\n","\n","for sid, abs_mat, rel_mat in zip(df['SID'], abs_adj_matrices, rel_adj_matrices):\n","    demos = demo_dict.get(sid, None)\n","\n","    if demos is None:\n","        continue  # skip if no demographic info\n","\n","    graphs_by_sid[sid] = {\n","        'abs': abs_mat,\n","        'rel': rel_mat,\n","        'demo': demos,\n","        # You can decide if you still want to pull outcome from old df_labels\n","        'outcome': df_labels.loc[df_labels['SID'] == sid, outcome].values[0][0]\n","                   if sid in df_labels['SID'].values else None\n","    }\n","\n","# Filter out those without outcomes\n","graphs_by_sid = {\n","    sid: graph for sid, graph in graphs_by_sid.items()\n","    if graph.get('outcome') is not None\n","}\n","\n","# Check sample\n","print(f\"Graphs count: {len(graphs_by_sid)}\")\n","\n"],"metadata":{"colab":{"base_uri":"https://localhost:8080/"},"id":"6GBYvpkQwxjx","executionInfo":{"status":"ok","timestamp":1755205571267,"user_tz":420,"elapsed":462,"user":{"displayName":"Alexander Dsouza","userId":"16549860175879144767"}},"outputId":"4a3e7ef0-ce89-445f-fd9a-acaaeb01a15e"},"execution_count":null,"outputs":[{"output_type":"stream","name":"stdout","text":["[('epp02', {'Sex': 1, 'Age': 20, 'BPRS_Baseline': 50, 'Handedness': 1, 'Race': 0, 'Crime': 2.604605162, 'Education_Level': 14.5, 'Education_Loss_Parent': -2.5})]\n","82\n","Graphs count: 32\n"]}]},{"cell_type":"code","source":["# Showing how many instances have outcomes and are also in this new demographic sheet\n","######dont use this\n","demo_path = '/content/drive/Shared drives/GNN/AdditionalFeatures.xlsx'\n","demo_path2 = '/content/drive/Shared drives/GNN/DemographicData.xlsx'\n","\n","df_demo = pd.read_excel(demo_path)\n","df_demo2 = pd.read_excel(demo_path2)\n","\n","# Extract SIDs from new sheet\n","demo_sids = set(df_demo.iloc[:, 0])\n","demo2_sids = set(df_demo.iloc[:, 0])\n","\n","\n","# Extract SIDs from df_labels that have non-null outcomes\n","valid_outcome_sids = set(\n","    df_labels[df_labels[outcome[0]].notnull()]['SID']\n",")\n","\n","# Extract SIDs that are in both graph data and new demographic sheet and have outcome\n","matched_sids = [\n","    sid for sid in df['SID']\n","    if sid in demo_sids and sid in valid_outcome_sids\n","]\n","\n","matched_sids2 = [\n","    sid for sid in df['SID']\n","    if sid in demo2_sids and sid in valid_outcome_sids\n","]\n","\n","# Count and optionally show a few\n","print(len(df_labels))\n","print(len(demo_sids))\n","print(f\"Total matched graphs AdditionalFeatures and RestingStateDataforAlex_3Networks Overlap: {len(matched_sids)}\")\n","print(f\"Total matched graphs DemographicData and RestingStateDataforAlex_3Networks Overlap: {len(matched_sids2)}\")\n"],"metadata":{"colab":{"base_uri":"https://localhost:8080/"},"id":"dBjhRdteyLnE","executionInfo":{"status":"ok","timestamp":1755205571846,"user_tz":420,"elapsed":578,"user":{"displayName":"Alexander Dsouza","userId":"16549860175879144767"}},"outputId":"796ab5aa-bb63-4972-82f9-9c2b9990d0dd"},"execution_count":null,"outputs":[{"output_type":"stream","name":"stdout","text":["56\n","85\n","Total matched graphs AdditionalFeatures and RestingStateDataforAlex_3Networks Overlap: 34\n","Total matched graphs DemographicData and RestingStateDataforAlex_3Networks Overlap: 34\n"]}]},{"cell_type":"code","source":["#combines all the previous dataloading\n","\n","import pandas as pd\n","import numpy as np\n","\n","def load_and_preprocess_graphs(\n","    file_path,\n","    abs_keep_fraction=0.3,\n","    rel_keep_fraction=0.3,\n","    demo_cols=None,\n","    outcome_col='Imp20PercentBPRS'\n","):\n","    if demo_cols is None:\n","        demo_cols = ['Age', 'handedness', 'sex', 'PrimaryEthnicity', 'PrimaryRace', 'Education', 'Parental Education']\n","\n","    # ===========================\n","    # Load dataset\n","    # ===========================\n","    df = pd.read_excel(file_path)\n","    df_labels = pd.read_excel(file_path, sheet_name='outcomeanddemographics', skiprows=1)\n","\n","    # ===========================\n","    # Extract nodes and edges\n","    # ===========================\n","    edge_columns = df.columns.drop('SID')\n","\n","    # Get all unique nodes\n","    nodes_set = set()\n","    for col in edge_columns:\n","        raw_node1, raw_node2 = col.split('-')\n","        node1 = raw_node1.replace('ABS_', '')\n","        node2 = raw_node2.replace('ABS_', '')\n","        nodes_set.add(node1)\n","        nodes_set.add(node2)\n","\n","    nodes = sorted(list(nodes_set))\n","    n_nodes = len(nodes)\n","    node_to_idx = {node: i for i, node in enumerate(nodes)}\n","\n","    abs_edge_cols, rel_edge_cols = [], []\n","    abs_edge_to_idx, rel_edge_to_idx = [], []\n","\n","    for col in edge_columns:\n","        raw_node1, raw_node2 = col.split('-')\n","        node1 = raw_node1.replace('ABS_', '')\n","        node2 = raw_node2.replace('ABS_', '')\n","        idx1, idx2 = node_to_idx[node1], node_to_idx[node2]\n","\n","        if 'ABS_' in col:\n","            abs_edg